TFIDF

Accuracy:
0.006319883325230919
0.007778317938745746
0.009236752552260573
0.010209042294603793
0.0106951871657754
0.012153621779290228
0.013612056392805057
0.013612056392805057
0.014098201263976665
0.014098201263976665
0.024307243558580455
0.030627126883811376
0.03937773456490034
0.045697617890131256
0.05250364608653379
0.06125425376762275
0.06708799222168206
0.07146329606222654
0.0792416140009723

MRR:
0.006319883325230919
0.007049100631988332
0.007535245503159942
0.007778317938745746
0.007875546912980067
0.008118619348565875
0.008326967150496562
0.008326967150496562
0.008380983247293408
0.008380983247293408
0.009039303850629218
0.009291122172357653
0.00954052021106736
0.009679315755463162
0.009804500924925465
0.009937593826480687
0.010014329377744855
0.010065040927381521
0.010147172045391591



DOC2VEC

Accuracy:
0.002916869227029655
0.003889158969372873
0.0053475935828877
0.006806028196402528
0.007778317938745746
0.008750607681088965
0.009722897423432183
0.0106951871657754
0.01166747690811862
0.013125911521633447
0.018959649975692758
0.025279533300923675
0.030140982012639768
0.03548857559552747
0.04083616917841517
0.04472532814778804
0.049100631988332526
0.05639280505590666
0.05930967428293631

MRR:
0.002916869227029655
0.003403014098201264
0.0038891589693728725
0.00425376762275158
0.004448225571220224
0.00461027386161076
0.004749172396231221
0.004870708614024123
0.0049787408076178135
0.0051245842689692945
0.005523418980544915
0.00577722684801921
0.005913640819422903
0.006032019798886214
0.006128488988205932
0.006189344753652649
0.00624716015809776
0.006332185583252431
0.006362747865149224
